3450
3727
3230
2415
2695
2664
2587
2934
2835
2943
2749
2871
3525
3058
2623
3248
3117
2042
3152
3422
3010
3033
2618
2533
2597
2765
2183
2317
2815
3134
2762
2438
2307
2730
2127
2227
3268
2787
2514
2272
3163
2451
2668
2925
2886
2588
2972
2982
2610
2740
###########################
5
3
1
2
2
6
1
2
2
1
3
2
3
2
5
3
2
2
5
2
5
2
1
2
1
2
1
2
1
1
5
2
1
1
2
2
5
2
2
2
1
1
2
1
2
2
6
1
1
1
Wartosc srednia czasu dla sortowania babelkowego: 2794 ms
Wartosc srednia czasu dla sortowania szybkiego: 2 ms
Odchylenie dla sortowania babelkowego: 371,46466857562643
Odchylenie dla sortowania szybkiego: 1,4142135623730951